3.900000000000000000e+01
4.200000000000000000e+01
4.700000000000000000e+01
5.000000000000000000e+01
5.900000000000000000e+01
6.300000000000000000e+01
6.400000000000000000e+01
6.600000000000000000e+01
7.600000000000000000e+01
7.700000000000000000e+01
8.500000000000000000e+01
9.700000000000000000e+01
1.030000000000000000e+02
1.040000000000000000e+02
1.050000000000000000e+02
1.080000000000000000e+02
1.120000000000000000e+02
1.140000000000000000e+02
1.180000000000000000e+02
1.210000000000000000e+02
1.220000000000000000e+02
1.230000000000000000e+02
1.290000000000000000e+02
1.350000000000000000e+02
1.380000000000000000e+02
1.400000000000000000e+02
1.410000000000000000e+02
1.440000000000000000e+02
1.490000000000000000e+02
1.500000000000000000e+02
1.520000000000000000e+02
1.530000000000000000e+02
1.540000000000000000e+02
1.550000000000000000e+02
1.560000000000000000e+02
1.640000000000000000e+02
1.660000000000000000e+02
1.670000000000000000e+02
1.680000000000000000e+02
1.690000000000000000e+02
1.700000000000000000e+02
1.740000000000000000e+02
1.750000000000000000e+02
1.760000000000000000e+02
1.770000000000000000e+02
1.870000000000000000e+02
1.940000000000000000e+02
1.980000000000000000e+02
2.000000000000000000e+02
2.020000000000000000e+02
2.030000000000000000e+02
2.040000000000000000e+02
2.640000000000000000e+02
2.730000000000000000e+02
2.800000000000000000e+02
2.840000000000000000e+02
3.100000000000000000e+02
3.160000000000000000e+02
3.180000000000000000e+02
3.250000000000000000e+02
3.280000000000000000e+02
3.480000000000000000e+02
3.500000000000000000e+02
3.540000000000000000e+02
3.780000000000000000e+02
3.830000000000000000e+02
3.950000000000000000e+02
4.040000000000000000e+02
4.060000000000000000e+02
4.160000000000000000e+02
4.180000000000000000e+02
4.200000000000000000e+02
4.220000000000000000e+02
4.230000000000000000e+02
4.250000000000000000e+02
4.260000000000000000e+02
4.320000000000000000e+02
4.340000000000000000e+02
4.380000000000000000e+02
4.390000000000000000e+02
4.590000000000000000e+02
4.610000000000000000e+02
4.640000000000000000e+02
4.650000000000000000e+02
4.690000000000000000e+02
4.700000000000000000e+02
4.970000000000000000e+02
5.040000000000000000e+02
5.190000000000000000e+02
5.260000000000000000e+02
5.270000000000000000e+02
5.400000000000000000e+02
5.420000000000000000e+02
5.460000000000000000e+02
5.510000000000000000e+02
5.560000000000000000e+02
5.680000000000000000e+02
5.800000000000000000e+02
5.860000000000000000e+02
5.880000000000000000e+02
5.910000000000000000e+02
5.950000000000000000e+02
5.980000000000000000e+02
6.000000000000000000e+02
6.130000000000000000e+02
6.150000000000000000e+02
6.200000000000000000e+02
6.300000000000000000e+02
6.310000000000000000e+02
6.470000000000000000e+02
6.500000000000000000e+02
6.590000000000000000e+02
6.620000000000000000e+02
6.650000000000000000e+02
6.740000000000000000e+02
6.780000000000000000e+02
6.870000000000000000e+02
6.950000000000000000e+02
6.970000000000000000e+02
7.030000000000000000e+02
7.170000000000000000e+02
7.190000000000000000e+02
7.380000000000000000e+02
7.540000000000000000e+02
7.580000000000000000e+02
7.600000000000000000e+02
7.610000000000000000e+02
7.620000000000000000e+02
7.630000000000000000e+02
7.650000000000000000e+02
7.690000000000000000e+02
7.710000000000000000e+02
7.750000000000000000e+02
7.800000000000000000e+02
7.860000000000000000e+02
7.890000000000000000e+02
7.970000000000000000e+02
7.990000000000000000e+02
8.000000000000000000e+02
8.010000000000000000e+02
8.580000000000000000e+02
8.710000000000000000e+02
8.920000000000000000e+02
9.000000000000000000e+02
9.010000000000000000e+02
9.030000000000000000e+02
9.070000000000000000e+02
9.080000000000000000e+02
9.170000000000000000e+02
9.180000000000000000e+02
9.350000000000000000e+02
9.400000000000000000e+02
9.410000000000000000e+02
9.430000000000000000e+02
9.470000000000000000e+02
9.480000000000000000e+02
9.500000000000000000e+02
9.550000000000000000e+02
9.560000000000000000e+02
9.570000000000000000e+02
9.670000000000000000e+02
9.710000000000000000e+02
9.920000000000000000e+02
9.930000000000000000e+02
9.940000000000000000e+02
1.000000000000000000e+03
1.003000000000000000e+03
1.007000000000000000e+03
1.008000000000000000e+03
1.009000000000000000e+03
1.010000000000000000e+03
1.011000000000000000e+03
1.018000000000000000e+03
1.019000000000000000e+03
1.020000000000000000e+03
1.022000000000000000e+03
1.023000000000000000e+03
1.024000000000000000e+03
1.030000000000000000e+03
1.032000000000000000e+03
1.035000000000000000e+03
1.036000000000000000e+03
1.040000000000000000e+03
1.041000000000000000e+03
1.044000000000000000e+03
1.046000000000000000e+03
1.047000000000000000e+03
1.048000000000000000e+03
1.050000000000000000e+03
1.051000000000000000e+03
1.053000000000000000e+03
1.057000000000000000e+03
1.059000000000000000e+03
1.060000000000000000e+03
1.062000000000000000e+03
1.063000000000000000e+03
1.064000000000000000e+03
1.066000000000000000e+03
1.068000000000000000e+03
1.069000000000000000e+03
1.070000000000000000e+03
1.072000000000000000e+03
1.073000000000000000e+03
1.074000000000000000e+03
1.077000000000000000e+03
1.078000000000000000e+03
1.079000000000000000e+03
1.081000000000000000e+03
1.082000000000000000e+03
1.083000000000000000e+03
1.084000000000000000e+03
1.086000000000000000e+03
1.087000000000000000e+03
1.089000000000000000e+03
1.091000000000000000e+03
1.092000000000000000e+03
1.094000000000000000e+03
1.095000000000000000e+03
1.097000000000000000e+03
1.098000000000000000e+03
1.099000000000000000e+03
1.106000000000000000e+03
1.107000000000000000e+03
1.110000000000000000e+03
1.113000000000000000e+03
1.114000000000000000e+03
1.115000000000000000e+03
1.119000000000000000e+03
1.120000000000000000e+03
1.121000000000000000e+03
1.123000000000000000e+03
1.126000000000000000e+03
1.136000000000000000e+03
1.139000000000000000e+03
1.141000000000000000e+03
1.142000000000000000e+03
1.143000000000000000e+03
1.145000000000000000e+03
1.146000000000000000e+03
1.147000000000000000e+03
1.149000000000000000e+03
1.174000000000000000e+03
1.178000000000000000e+03
1.199000000000000000e+03
1.204000000000000000e+03
1.209000000000000000e+03
1.211000000000000000e+03
1.216000000000000000e+03
1.220000000000000000e+03
1.233000000000000000e+03
1.234000000000000000e+03
1.235000000000000000e+03
1.242000000000000000e+03
1.253000000000000000e+03
1.268000000000000000e+03
1.270000000000000000e+03
1.271000000000000000e+03
1.275000000000000000e+03
1.279000000000000000e+03
1.289000000000000000e+03
1.303000000000000000e+03
1.306000000000000000e+03
1.307000000000000000e+03
1.310000000000000000e+03
1.312000000000000000e+03
1.315000000000000000e+03
1.319000000000000000e+03
1.336000000000000000e+03
1.344000000000000000e+03
1.360000000000000000e+03
1.377000000000000000e+03
1.380000000000000000e+03
1.395000000000000000e+03
1.416000000000000000e+03
1.433000000000000000e+03
1.469000000000000000e+03
1.472000000000000000e+03
1.473000000000000000e+03
1.476000000000000000e+03
1.477000000000000000e+03
1.478000000000000000e+03
1.479000000000000000e+03
1.480000000000000000e+03
1.481000000000000000e+03
1.483000000000000000e+03
1.484000000000000000e+03
1.486000000000000000e+03
1.491000000000000000e+03
1.493000000000000000e+03
1.498000000000000000e+03
1.499000000000000000e+03
1.501000000000000000e+03
1.503000000000000000e+03
1.504000000000000000e+03
1.507000000000000000e+03
1.508000000000000000e+03
1.512000000000000000e+03
1.513000000000000000e+03
1.518000000000000000e+03
1.523000000000000000e+03
1.524000000000000000e+03
1.538000000000000000e+03
1.540000000000000000e+03
1.541000000000000000e+03
1.543000000000000000e+03
1.544000000000000000e+03
1.545000000000000000e+03
1.546000000000000000e+03
1.548000000000000000e+03
1.549000000000000000e+03
1.554000000000000000e+03
1.556000000000000000e+03
1.557000000000000000e+03
1.558000000000000000e+03
1.562000000000000000e+03
1.566000000000000000e+03
1.568000000000000000e+03
1.569000000000000000e+03
1.570000000000000000e+03
1.573000000000000000e+03
1.574000000000000000e+03
1.578000000000000000e+03
1.579000000000000000e+03
1.580000000000000000e+03
1.582000000000000000e+03
1.583000000000000000e+03
1.584000000000000000e+03
1.585000000000000000e+03
1.586000000000000000e+03
1.587000000000000000e+03
1.588000000000000000e+03
1.589000000000000000e+03
1.590000000000000000e+03
1.592000000000000000e+03
1.594000000000000000e+03
1.596000000000000000e+03
1.601000000000000000e+03
1.602000000000000000e+03
1.603000000000000000e+03
1.605000000000000000e+03
1.606000000000000000e+03
1.607000000000000000e+03
1.611000000000000000e+03
1.612000000000000000e+03
1.615000000000000000e+03
1.616000000000000000e+03
1.620000000000000000e+03
1.621000000000000000e+03
1.622000000000000000e+03
1.624000000000000000e+03
1.627000000000000000e+03
1.628000000000000000e+03
1.630000000000000000e+03
1.635000000000000000e+03
1.636000000000000000e+03
1.638000000000000000e+03
1.639000000000000000e+03
1.642000000000000000e+03
1.649000000000000000e+03
1.661000000000000000e+03
1.671000000000000000e+03
1.681000000000000000e+03
1.706000000000000000e+03
1.708000000000000000e+03
1.719000000000000000e+03
1.725000000000000000e+03
1.726000000000000000e+03
1.730000000000000000e+03
1.731000000000000000e+03
1.733000000000000000e+03
1.735000000000000000e+03
1.743000000000000000e+03
1.744000000000000000e+03
1.746000000000000000e+03
1.748000000000000000e+03
1.753000000000000000e+03
1.755000000000000000e+03
1.757000000000000000e+03
1.758000000000000000e+03
1.759000000000000000e+03
1.783000000000000000e+03
1.791000000000000000e+03
1.805000000000000000e+03
1.808000000000000000e+03
1.809000000000000000e+03
1.810000000000000000e+03
1.811000000000000000e+03
1.813000000000000000e+03
1.814000000000000000e+03
1.815000000000000000e+03
1.820000000000000000e+03
1.822000000000000000e+03
1.823000000000000000e+03
1.829000000000000000e+03
1.834000000000000000e+03
1.848000000000000000e+03
1.852000000000000000e+03
1.855000000000000000e+03
1.858000000000000000e+03
1.859000000000000000e+03
1.868000000000000000e+03
1.880000000000000000e+03
1.884000000000000000e+03
1.892000000000000000e+03
1.895000000000000000e+03
1.905000000000000000e+03
1.914000000000000000e+03
1.926000000000000000e+03
1.927000000000000000e+03
1.940000000000000000e+03
1.942000000000000000e+03
1.944000000000000000e+03
1.945000000000000000e+03
1.956000000000000000e+03
1.958000000000000000e+03
1.989000000000000000e+03
1.993000000000000000e+03
1.996000000000000000e+03
1.997000000000000000e+03
1.999000000000000000e+03
2.000000000000000000e+03
2.001000000000000000e+03
2.002000000000000000e+03
2.004000000000000000e+03
2.008000000000000000e+03
2.010000000000000000e+03
2.011000000000000000e+03
2.012000000000000000e+03
2.013000000000000000e+03
2.014000000000000000e+03
2.015000000000000000e+03
2.016000000000000000e+03
2.017000000000000000e+03
2.018000000000000000e+03
2.019000000000000000e+03
2.020000000000000000e+03
2.021000000000000000e+03
2.023000000000000000e+03
2.026000000000000000e+03
2.028000000000000000e+03
2.029000000000000000e+03
2.036000000000000000e+03
2.037000000000000000e+03
2.044000000000000000e+03
2.045000000000000000e+03
2.046000000000000000e+03
2.047000000000000000e+03
2.049000000000000000e+03
2.050000000000000000e+03
2.051000000000000000e+03
2.052000000000000000e+03
2.053000000000000000e+03
2.054000000000000000e+03
2.058000000000000000e+03
2.059000000000000000e+03
2.060000000000000000e+03
2.063000000000000000e+03
2.064000000000000000e+03
2.066000000000000000e+03
2.067000000000000000e+03
2.068000000000000000e+03
2.070000000000000000e+03
2.071000000000000000e+03
2.073000000000000000e+03
2.074000000000000000e+03
2.077000000000000000e+03
2.078000000000000000e+03
2.079000000000000000e+03
2.080000000000000000e+03
2.085000000000000000e+03
2.086000000000000000e+03
2.087000000000000000e+03
2.088000000000000000e+03
2.090000000000000000e+03
2.091000000000000000e+03
2.092000000000000000e+03
2.093000000000000000e+03
2.095000000000000000e+03
2.096000000000000000e+03
2.099000000000000000e+03
2.102000000000000000e+03
2.103000000000000000e+03
2.199000000000000000e+03
2.205000000000000000e+03
2.209000000000000000e+03
2.214000000000000000e+03
2.215000000000000000e+03
2.216000000000000000e+03
2.217000000000000000e+03
2.224000000000000000e+03
2.226000000000000000e+03
2.227000000000000000e+03
2.228000000000000000e+03
2.230000000000000000e+03
2.231000000000000000e+03
2.232000000000000000e+03
2.234000000000000000e+03
2.237000000000000000e+03
2.239000000000000000e+03
2.242000000000000000e+03
2.244000000000000000e+03
2.247000000000000000e+03
2.248000000000000000e+03
2.249000000000000000e+03
2.250000000000000000e+03
2.251000000000000000e+03
2.255000000000000000e+03
2.256000000000000000e+03
2.257000000000000000e+03
2.261000000000000000e+03
2.264000000000000000e+03
2.265000000000000000e+03
2.266000000000000000e+03
2.268000000000000000e+03
2.270000000000000000e+03
2.275000000000000000e+03
2.281000000000000000e+03
2.282000000000000000e+03
2.286000000000000000e+03
2.290000000000000000e+03
2.291000000000000000e+03
2.293000000000000000e+03
2.294000000000000000e+03
2.295000000000000000e+03
2.296000000000000000e+03
2.297000000000000000e+03
2.298000000000000000e+03
2.299000000000000000e+03
2.300000000000000000e+03
2.301000000000000000e+03
2.302000000000000000e+03
2.303000000000000000e+03
2.305000000000000000e+03
2.306000000000000000e+03
2.309000000000000000e+03
2.311000000000000000e+03
2.314000000000000000e+03
2.315000000000000000e+03
2.316000000000000000e+03
2.317000000000000000e+03
2.320000000000000000e+03
2.322000000000000000e+03
2.327000000000000000e+03
2.331000000000000000e+03
2.337000000000000000e+03
2.344000000000000000e+03
2.352000000000000000e+03
2.356000000000000000e+03
2.360000000000000000e+03
2.372000000000000000e+03
2.376000000000000000e+03
2.382000000000000000e+03
2.383000000000000000e+03
2.385000000000000000e+03
2.387000000000000000e+03
2.388000000000000000e+03
2.389000000000000000e+03
2.391000000000000000e+03
2.392000000000000000e+03
2.393000000000000000e+03
2.399000000000000000e+03
2.400000000000000000e+03
2.404000000000000000e+03
2.405000000000000000e+03
2.406000000000000000e+03
2.430000000000000000e+03
2.437000000000000000e+03
2.440000000000000000e+03
2.441000000000000000e+03
2.447000000000000000e+03
2.473000000000000000e+03
2.474000000000000000e+03
2.475000000000000000e+03
2.476000000000000000e+03
2.477000000000000000e+03
2.479000000000000000e+03
2.480000000000000000e+03
2.484000000000000000e+03
2.496000000000000000e+03
2.500000000000000000e+03
2.501000000000000000e+03
2.502000000000000000e+03
2.503000000000000000e+03
2.512000000000000000e+03
2.517000000000000000e+03
2.526000000000000000e+03
2.527000000000000000e+03
2.534000000000000000e+03
2.536000000000000000e+03
2.538000000000000000e+03
2.540000000000000000e+03
2.544000000000000000e+03
2.545000000000000000e+03
2.553000000000000000e+03
2.555000000000000000e+03
2.559000000000000000e+03
2.570000000000000000e+03
2.572000000000000000e+03
2.573000000000000000e+03
2.574000000000000000e+03
2.600000000000000000e+03
2.615000000000000000e+03
2.616000000000000000e+03
2.618000000000000000e+03
2.620000000000000000e+03
2.621000000000000000e+03
2.633000000000000000e+03
2.636000000000000000e+03
2.637000000000000000e+03
2.640000000000000000e+03
2.642000000000000000e+03
2.643000000000000000e+03
2.653000000000000000e+03
2.654000000000000000e+03
2.659000000000000000e+03
2.660000000000000000e+03
2.661000000000000000e+03
2.664000000000000000e+03
2.665000000000000000e+03
2.666000000000000000e+03
2.668000000000000000e+03
2.673000000000000000e+03
2.677000000000000000e+03
2.680000000000000000e+03
2.685000000000000000e+03
2.686000000000000000e+03
2.687000000000000000e+03
2.691000000000000000e+03
2.692000000000000000e+03
2.693000000000000000e+03
2.694000000000000000e+03
2.696000000000000000e+03
2.697000000000000000e+03
2.706000000000000000e+03
2.708000000000000000e+03
2.709000000000000000e+03
2.713000000000000000e+03
2.714000000000000000e+03
2.715000000000000000e+03
2.718000000000000000e+03
2.722000000000000000e+03
2.723000000000000000e+03
2.725000000000000000e+03
2.727000000000000000e+03
2.730000000000000000e+03
2.733000000000000000e+03
2.734000000000000000e+03
2.735000000000000000e+03
2.737000000000000000e+03
2.740000000000000000e+03
2.742000000000000000e+03
2.745000000000000000e+03
2.747000000000000000e+03
2.750000000000000000e+03
2.756000000000000000e+03
2.767000000000000000e+03
2.768000000000000000e+03
2.769000000000000000e+03
2.770000000000000000e+03
2.772000000000000000e+03
2.781000000000000000e+03
2.782000000000000000e+03
2.783000000000000000e+03
2.791000000000000000e+03
2.797000000000000000e+03
2.798000000000000000e+03
2.799000000000000000e+03
2.803000000000000000e+03
2.804000000000000000e+03
2.807000000000000000e+03
2.808000000000000000e+03
2.810000000000000000e+03
2.811000000000000000e+03
2.813000000000000000e+03
2.814000000000000000e+03
2.815000000000000000e+03
2.817000000000000000e+03
2.818000000000000000e+03
2.820000000000000000e+03
2.821000000000000000e+03
2.822000000000000000e+03
2.826000000000000000e+03
2.828000000000000000e+03
2.830000000000000000e+03
2.831000000000000000e+03
2.834000000000000000e+03
2.835000000000000000e+03
2.836000000000000000e+03
2.838000000000000000e+03
2.841000000000000000e+03
2.843000000000000000e+03
2.844000000000000000e+03
2.845000000000000000e+03
2.847000000000000000e+03
2.848000000000000000e+03
2.851000000000000000e+03
2.853000000000000000e+03
2.855000000000000000e+03
2.856000000000000000e+03
2.857000000000000000e+03
2.862000000000000000e+03
2.864000000000000000e+03
2.867000000000000000e+03
2.868000000000000000e+03
2.869000000000000000e+03
2.877000000000000000e+03
2.887000000000000000e+03
2.888000000000000000e+03
2.889000000000000000e+03
2.890000000000000000e+03
2.891000000000000000e+03
2.893000000000000000e+03
2.895000000000000000e+03
2.897000000000000000e+03
2.898000000000000000e+03
2.900000000000000000e+03
2.901000000000000000e+03
2.903000000000000000e+03
2.908000000000000000e+03
2.910000000000000000e+03
2.912000000000000000e+03
2.922000000000000000e+03
2.923000000000000000e+03
2.924000000000000000e+03
2.925000000000000000e+03
2.927000000000000000e+03
2.928000000000000000e+03
2.930000000000000000e+03
2.934000000000000000e+03
2.936000000000000000e+03
2.939000000000000000e+03
2.941000000000000000e+03
2.942000000000000000e+03
2.943000000000000000e+03
2.945000000000000000e+03
2.950000000000000000e+03
2.951000000000000000e+03
2.955000000000000000e+03
2.956000000000000000e+03
2.957000000000000000e+03
2.960000000000000000e+03
2.961000000000000000e+03
2.963000000000000000e+03
2.964000000000000000e+03
2.967000000000000000e+03
2.968000000000000000e+03
2.970000000000000000e+03
2.977000000000000000e+03
2.978000000000000000e+03
2.983000000000000000e+03
2.989000000000000000e+03
2.991000000000000000e+03
2.994000000000000000e+03
2.996000000000000000e+03
2.998000000000000000e+03
3.001000000000000000e+03
3.005000000000000000e+03
3.006000000000000000e+03
3.007000000000000000e+03
3.015000000000000000e+03
3.016000000000000000e+03
3.028000000000000000e+03
3.033000000000000000e+03
3.037000000000000000e+03
3.051000000000000000e+03
3.057000000000000000e+03
3.068000000000000000e+03
3.073000000000000000e+03
3.074000000000000000e+03
3.085000000000000000e+03
3.087000000000000000e+03
3.091000000000000000e+03
3.117000000000000000e+03
3.121000000000000000e+03
3.134000000000000000e+03
3.171000000000000000e+03
3.181000000000000000e+03
3.185000000000000000e+03
3.208000000000000000e+03
3.218000000000000000e+03
3.221000000000000000e+03
3.233000000000000000e+03
3.278000000000000000e+03
3.289000000000000000e+03
3.293000000000000000e+03
3.295000000000000000e+03
3.296000000000000000e+03
3.304000000000000000e+03
3.311000000000000000e+03
3.313000000000000000e+03
3.314000000000000000e+03
3.323000000000000000e+03
3.334000000000000000e+03
3.339000000000000000e+03
3.340000000000000000e+03
3.341000000000000000e+03
3.342000000000000000e+03
3.347000000000000000e+03
3.356000000000000000e+03
3.359000000000000000e+03
3.362000000000000000e+03
3.367000000000000000e+03
3.369000000000000000e+03
3.372000000000000000e+03
3.373000000000000000e+03
3.380000000000000000e+03
3.383000000000000000e+03
3.401000000000000000e+03
3.404000000000000000e+03
3.413000000000000000e+03
3.414000000000000000e+03
3.428000000000000000e+03
3.437000000000000000e+03
3.439000000000000000e+03
3.440000000000000000e+03
3.448000000000000000e+03
3.450000000000000000e+03
3.452000000000000000e+03
3.517000000000000000e+03
3.521000000000000000e+03
3.531000000000000000e+03
3.539000000000000000e+03
3.541000000000000000e+03
3.547000000000000000e+03
3.555000000000000000e+03
3.558000000000000000e+03
3.567000000000000000e+03
3.571000000000000000e+03
3.579000000000000000e+03
3.582000000000000000e+03
3.587000000000000000e+03
3.590000000000000000e+03
3.593000000000000000e+03
3.595000000000000000e+03
3.598000000000000000e+03
3.608000000000000000e+03
3.612000000000000000e+03
3.614000000000000000e+03
3.624000000000000000e+03
3.626000000000000000e+03
3.634000000000000000e+03
3.657000000000000000e+03
3.664000000000000000e+03
3.665000000000000000e+03
3.671000000000000000e+03
3.686000000000000000e+03
3.694000000000000000e+03
3.697000000000000000e+03
3.698000000000000000e+03
3.699000000000000000e+03
3.701000000000000000e+03
3.702000000000000000e+03
3.704000000000000000e+03
3.712000000000000000e+03
3.722000000000000000e+03
3.726000000000000000e+03
3.732000000000000000e+03
3.738000000000000000e+03
3.739000000000000000e+03
3.740000000000000000e+03
3.744000000000000000e+03
3.745000000000000000e+03
3.746000000000000000e+03
3.753000000000000000e+03
3.754000000000000000e+03
3.759000000000000000e+03
3.760000000000000000e+03
3.765000000000000000e+03
3.768000000000000000e+03
3.770000000000000000e+03
3.771000000000000000e+03
3.774000000000000000e+03
3.778000000000000000e+03
3.779000000000000000e+03
3.781000000000000000e+03
3.782000000000000000e+03
3.783000000000000000e+03
3.784000000000000000e+03
3.785000000000000000e+03
3.786000000000000000e+03
3.787000000000000000e+03
3.789000000000000000e+03
3.790000000000000000e+03
3.792000000000000000e+03
3.799000000000000000e+03
3.800000000000000000e+03
3.801000000000000000e+03
3.808000000000000000e+03
3.810000000000000000e+03
3.811000000000000000e+03
3.813000000000000000e+03
3.816000000000000000e+03
3.817000000000000000e+03
3.818000000000000000e+03
3.825000000000000000e+03
3.826000000000000000e+03
3.832000000000000000e+03
3.834000000000000000e+03
3.836000000000000000e+03
3.841000000000000000e+03
3.845000000000000000e+03
3.847000000000000000e+03
3.849000000000000000e+03
3.852000000000000000e+03
3.853000000000000000e+03
3.854000000000000000e+03
3.856000000000000000e+03
3.858000000000000000e+03
3.890000000000000000e+03
3.895000000000000000e+03
3.933000000000000000e+03
3.947000000000000000e+03
3.950000000000000000e+03
3.954000000000000000e+03
3.987000000000000000e+03
3.997000000000000000e+03
3.998000000000000000e+03
4.003000000000000000e+03
4.004000000000000000e+03
4.011000000000000000e+03
4.013000000000000000e+03
4.015000000000000000e+03
4.016000000000000000e+03
4.028000000000000000e+03
4.040000000000000000e+03
4.054000000000000000e+03
4.060000000000000000e+03
4.071000000000000000e+03
4.072000000000000000e+03
4.073000000000000000e+03
4.076000000000000000e+03
4.078000000000000000e+03
4.083000000000000000e+03
4.084000000000000000e+03
4.085000000000000000e+03
4.088000000000000000e+03
4.102000000000000000e+03
4.103000000000000000e+03
4.110000000000000000e+03
4.127000000000000000e+03
4.130000000000000000e+03
4.131000000000000000e+03
4.135000000000000000e+03
4.137000000000000000e+03
4.138000000000000000e+03
4.139000000000000000e+03
4.141000000000000000e+03
4.142000000000000000e+03
4.144000000000000000e+03
4.147000000000000000e+03
4.148000000000000000e+03
4.150000000000000000e+03
4.153000000000000000e+03
4.155000000000000000e+03
4.160000000000000000e+03
4.161000000000000000e+03
4.170000000000000000e+03
4.177000000000000000e+03
4.178000000000000000e+03
4.179000000000000000e+03
4.180000000000000000e+03
4.181000000000000000e+03
4.182000000000000000e+03
4.183000000000000000e+03
4.184000000000000000e+03
4.185000000000000000e+03
4.187000000000000000e+03
4.188000000000000000e+03
4.189000000000000000e+03
4.192000000000000000e+03
4.193000000000000000e+03
4.195000000000000000e+03
4.197000000000000000e+03
4.198000000000000000e+03
4.199000000000000000e+03
4.206000000000000000e+03
4.207000000000000000e+03
4.208000000000000000e+03
4.209000000000000000e+03
4.210000000000000000e+03
4.211000000000000000e+03
4.221000000000000000e+03
4.224000000000000000e+03
4.226000000000000000e+03
4.232000000000000000e+03
4.233000000000000000e+03
4.234000000000000000e+03
4.239000000000000000e+03
4.241000000000000000e+03
4.244000000000000000e+03
4.245000000000000000e+03
4.246000000000000000e+03
4.247000000000000000e+03
4.248000000000000000e+03
4.249000000000000000e+03
4.263000000000000000e+03
4.279000000000000000e+03
4.281000000000000000e+03
4.282000000000000000e+03
4.283000000000000000e+03
4.285000000000000000e+03
4.286000000000000000e+03
4.321000000000000000e+03
4.331000000000000000e+03
4.335000000000000000e+03
4.340000000000000000e+03
4.348000000000000000e+03
4.352000000000000000e+03
4.356000000000000000e+03
4.359000000000000000e+03
4.369000000000000000e+03
4.386000000000000000e+03
4.390000000000000000e+03
4.391000000000000000e+03
4.392000000000000000e+03
4.394000000000000000e+03
4.395000000000000000e+03
4.399000000000000000e+03
4.402000000000000000e+03
4.408000000000000000e+03
4.426000000000000000e+03
4.432000000000000000e+03
4.435000000000000000e+03
4.442000000000000000e+03
4.443000000000000000e+03
4.445000000000000000e+03
4.446000000000000000e+03
4.447000000000000000e+03
4.449000000000000000e+03
4.450000000000000000e+03
4.451000000000000000e+03
4.453000000000000000e+03
4.454000000000000000e+03
4.458000000000000000e+03
4.459000000000000000e+03
4.462000000000000000e+03
4.463000000000000000e+03
4.466000000000000000e+03
4.467000000000000000e+03
4.468000000000000000e+03
4.469000000000000000e+03
4.470000000000000000e+03
4.472000000000000000e+03
4.473000000000000000e+03
4.477000000000000000e+03
4.479000000000000000e+03
4.485000000000000000e+03
4.487000000000000000e+03
4.488000000000000000e+03
4.489000000000000000e+03
4.493000000000000000e+03
4.494000000000000000e+03
4.495000000000000000e+03
4.496000000000000000e+03
4.498000000000000000e+03
4.499000000000000000e+03
4.500000000000000000e+03
4.501000000000000000e+03
4.502000000000000000e+03
4.504000000000000000e+03
4.505000000000000000e+03
4.506000000000000000e+03
4.507000000000000000e+03
4.509000000000000000e+03
4.510000000000000000e+03
4.511000000000000000e+03
4.512000000000000000e+03
4.514000000000000000e+03
4.515000000000000000e+03
4.517000000000000000e+03
4.520000000000000000e+03
4.521000000000000000e+03
4.522000000000000000e+03
4.523000000000000000e+03
4.526000000000000000e+03
4.558000000000000000e+03
4.561000000000000000e+03
4.576000000000000000e+03
4.577000000000000000e+03
4.581000000000000000e+03
4.582000000000000000e+03
4.586000000000000000e+03
4.588000000000000000e+03
4.589000000000000000e+03
4.591000000000000000e+03
4.592000000000000000e+03
4.602000000000000000e+03
4.605000000000000000e+03
4.607000000000000000e+03
4.609000000000000000e+03
4.614000000000000000e+03
4.615000000000000000e+03
4.625000000000000000e+03
4.632000000000000000e+03
4.651000000000000000e+03
4.655000000000000000e+03
4.658000000000000000e+03
4.659000000000000000e+03
4.663000000000000000e+03
4.670000000000000000e+03
4.671000000000000000e+03
4.672000000000000000e+03
4.673000000000000000e+03
4.676000000000000000e+03
4.678000000000000000e+03
4.682000000000000000e+03
4.684000000000000000e+03
4.686000000000000000e+03
4.687000000000000000e+03
4.688000000000000000e+03
4.692000000000000000e+03
4.695000000000000000e+03
4.699000000000000000e+03
4.700000000000000000e+03
4.704000000000000000e+03
4.711000000000000000e+03
4.712000000000000000e+03
4.713000000000000000e+03
4.716000000000000000e+03
4.717000000000000000e+03
4.718000000000000000e+03
4.719000000000000000e+03
4.724000000000000000e+03
4.725000000000000000e+03
4.726000000000000000e+03
4.728000000000000000e+03
4.729000000000000000e+03
4.730000000000000000e+03
4.731000000000000000e+03
4.733000000000000000e+03
4.734000000000000000e+03
4.749000000000000000e+03
4.753000000000000000e+03
4.754000000000000000e+03
4.760000000000000000e+03
4.762000000000000000e+03
4.763000000000000000e+03
4.768000000000000000e+03
4.772000000000000000e+03
4.773000000000000000e+03
4.779000000000000000e+03
4.782000000000000000e+03
4.783000000000000000e+03
4.786000000000000000e+03
4.790000000000000000e+03
4.791000000000000000e+03
4.792000000000000000e+03
4.793000000000000000e+03
4.797000000000000000e+03
4.800000000000000000e+03
4.801000000000000000e+03
4.810000000000000000e+03
4.811000000000000000e+03
4.815000000000000000e+03
4.820000000000000000e+03
4.821000000000000000e+03
4.829000000000000000e+03
4.830000000000000000e+03
4.832000000000000000e+03
4.850000000000000000e+03
4.862000000000000000e+03
4.863000000000000000e+03
4.865000000000000000e+03
4.866000000000000000e+03
4.867000000000000000e+03
4.883000000000000000e+03
4.891000000000000000e+03
4.898000000000000000e+03
4.900000000000000000e+03
4.908000000000000000e+03
4.923000000000000000e+03
4.925000000000000000e+03
4.929000000000000000e+03
4.945000000000000000e+03
4.952000000000000000e+03
4.954000000000000000e+03
4.963000000000000000e+03
4.975000000000000000e+03
4.990000000000000000e+03
4.991000000000000000e+03
5.006000000000000000e+03
5.009000000000000000e+03
5.014000000000000000e+03
5.016000000000000000e+03
5.027000000000000000e+03
5.035000000000000000e+03
5.037000000000000000e+03
5.049000000000000000e+03
5.058000000000000000e+03
5.070000000000000000e+03
5.071000000000000000e+03
5.077000000000000000e+03
5.079000000000000000e+03
5.081000000000000000e+03
5.092000000000000000e+03
5.099000000000000000e+03
5.109000000000000000e+03
5.110000000000000000e+03
5.118000000000000000e+03
5.123000000000000000e+03
5.126000000000000000e+03
5.138000000000000000e+03
5.139000000000000000e+03
5.142000000000000000e+03
5.144000000000000000e+03
5.147000000000000000e+03
5.148000000000000000e+03
5.171000000000000000e+03
5.184000000000000000e+03
5.189000000000000000e+03
5.193000000000000000e+03
5.194000000000000000e+03
5.196000000000000000e+03
5.202000000000000000e+03
5.204000000000000000e+03
5.212000000000000000e+03
5.216000000000000000e+03
5.219000000000000000e+03
5.223000000000000000e+03
5.225000000000000000e+03
5.227000000000000000e+03
5.229000000000000000e+03
5.232000000000000000e+03
5.233000000000000000e+03
5.235000000000000000e+03
5.237000000000000000e+03
5.239000000000000000e+03
5.241000000000000000e+03
5.243000000000000000e+03
5.244000000000000000e+03
5.254000000000000000e+03
5.256000000000000000e+03
5.261000000000000000e+03
5.262000000000000000e+03
5.266000000000000000e+03
5.267000000000000000e+03
5.268000000000000000e+03
5.274000000000000000e+03
5.281000000000000000e+03
5.283000000000000000e+03
5.285000000000000000e+03
5.296000000000000000e+03
5.302000000000000000e+03
5.312000000000000000e+03
5.320000000000000000e+03
5.334000000000000000e+03
5.335000000000000000e+03
5.349000000000000000e+03
5.362000000000000000e+03
5.376000000000000000e+03
5.389000000000000000e+03
5.391000000000000000e+03
5.402000000000000000e+03
5.501000000000000000e+03
5.513000000000000000e+03
5.514000000000000000e+03
5.519000000000000000e+03
5.523000000000000000e+03
5.535000000000000000e+03
5.536000000000000000e+03
5.553000000000000000e+03
5.554000000000000000e+03
5.556000000000000000e+03
5.559000000000000000e+03
5.561000000000000000e+03
5.568000000000000000e+03
5.571000000000000000e+03
5.576000000000000000e+03
5.579000000000000000e+03
5.581000000000000000e+03
5.583000000000000000e+03
5.585000000000000000e+03
5.586000000000000000e+03
5.587000000000000000e+03
5.588000000000000000e+03
5.593000000000000000e+03
5.595000000000000000e+03
5.596000000000000000e+03
5.600000000000000000e+03
5.606000000000000000e+03
5.610000000000000000e+03
5.614000000000000000e+03
5.615000000000000000e+03
5.620000000000000000e+03
5.621000000000000000e+03
5.623000000000000000e+03
5.626000000000000000e+03
5.627000000000000000e+03
5.628000000000000000e+03
5.635000000000000000e+03
5.644000000000000000e+03
5.645000000000000000e+03
5.649000000000000000e+03
5.655000000000000000e+03
5.656000000000000000e+03
5.657000000000000000e+03
5.661000000000000000e+03
5.671000000000000000e+03
5.673000000000000000e+03
5.678000000000000000e+03
5.683000000000000000e+03
5.691000000000000000e+03
5.708000000000000000e+03
5.711000000000000000e+03
5.713000000000000000e+03
5.732000000000000000e+03
5.744000000000000000e+03
5.746000000000000000e+03
5.756000000000000000e+03
5.757000000000000000e+03
5.763000000000000000e+03
5.764000000000000000e+03
5.765000000000000000e+03
5.778000000000000000e+03
5.780000000000000000e+03
5.781000000000000000e+03
5.782000000000000000e+03
5.786000000000000000e+03
5.787000000000000000e+03
5.788000000000000000e+03
5.789000000000000000e+03
5.790000000000000000e+03
5.791000000000000000e+03
5.792000000000000000e+03
5.797000000000000000e+03
5.798000000000000000e+03
5.799000000000000000e+03
5.800000000000000000e+03
5.801000000000000000e+03
5.802000000000000000e+03
5.803000000000000000e+03
5.804000000000000000e+03
5.805000000000000000e+03
5.808000000000000000e+03
5.810000000000000000e+03
5.811000000000000000e+03
5.817000000000000000e+03
5.819000000000000000e+03
5.821000000000000000e+03
5.823000000000000000e+03
5.824000000000000000e+03
5.825000000000000000e+03
5.826000000000000000e+03
5.827000000000000000e+03
5.828000000000000000e+03
5.829000000000000000e+03
5.830000000000000000e+03
5.834000000000000000e+03
5.835000000000000000e+03
5.836000000000000000e+03
5.840000000000000000e+03
5.843000000000000000e+03
5.848000000000000000e+03
5.849000000000000000e+03
5.850000000000000000e+03
5.852000000000000000e+03
5.855000000000000000e+03
5.856000000000000000e+03
5.857000000000000000e+03
5.858000000000000000e+03
5.859000000000000000e+03
5.860000000000000000e+03
5.861000000000000000e+03
5.862000000000000000e+03
5.864000000000000000e+03
5.865000000000000000e+03
5.866000000000000000e+03
5.870000000000000000e+03
5.871000000000000000e+03
5.872000000000000000e+03
5.876000000000000000e+03
5.877000000000000000e+03
5.878000000000000000e+03
5.879000000000000000e+03
5.880000000000000000e+03
5.881000000000000000e+03
5.882000000000000000e+03
5.883000000000000000e+03
5.884000000000000000e+03
5.885000000000000000e+03
5.886000000000000000e+03
5.888000000000000000e+03
5.892000000000000000e+03
5.893000000000000000e+03
5.894000000000000000e+03
5.895000000000000000e+03
5.897000000000000000e+03
5.898000000000000000e+03
5.904000000000000000e+03
5.906000000000000000e+03
5.911000000000000000e+03
5.912000000000000000e+03
5.916000000000000000e+03
5.925000000000000000e+03
5.929000000000000000e+03
5.936000000000000000e+03
5.941000000000000000e+03
5.948000000000000000e+03
5.953000000000000000e+03
5.959000000000000000e+03
5.962000000000000000e+03
5.968000000000000000e+03
5.978000000000000000e+03
5.979000000000000000e+03
5.983000000000000000e+03
5.984000000000000000e+03
5.985000000000000000e+03
5.986000000000000000e+03
5.987000000000000000e+03
5.988000000000000000e+03
5.989000000000000000e+03
5.990000000000000000e+03
5.991000000000000000e+03
5.992000000000000000e+03
5.995000000000000000e+03
5.999000000000000000e+03
6.000000000000000000e+03
6.003000000000000000e+03
6.006000000000000000e+03
6.010000000000000000e+03
6.013000000000000000e+03
6.020000000000000000e+03
6.021000000000000000e+03
6.025000000000000000e+03
6.031000000000000000e+03
6.033000000000000000e+03
6.035000000000000000e+03
6.036000000000000000e+03
6.037000000000000000e+03
6.038000000000000000e+03
6.039000000000000000e+03
6.040000000000000000e+03
6.042000000000000000e+03
6.043000000000000000e+03
6.045000000000000000e+03
6.046000000000000000e+03
6.047000000000000000e+03
6.048000000000000000e+03
6.049000000000000000e+03
6.052000000000000000e+03
6.053000000000000000e+03
6.055000000000000000e+03
6.059000000000000000e+03
6.060000000000000000e+03
6.061000000000000000e+03
6.066000000000000000e+03
6.069000000000000000e+03
6.071000000000000000e+03
6.073000000000000000e+03
6.081000000000000000e+03
6.082000000000000000e+03
6.083000000000000000e+03
6.089000000000000000e+03
6.093000000000000000e+03
6.096000000000000000e+03
6.098000000000000000e+03
6.103000000000000000e+03
6.104000000000000000e+03
6.105000000000000000e+03
6.108000000000000000e+03
6.109000000000000000e+03
6.111000000000000000e+03
6.112000000000000000e+03
6.114000000000000000e+03
6.115000000000000000e+03
6.120000000000000000e+03
6.121000000000000000e+03
6.122000000000000000e+03
6.123000000000000000e+03
6.124000000000000000e+03
6.135000000000000000e+03
6.151000000000000000e+03
6.153000000000000000e+03
6.157000000000000000e+03
6.171000000000000000e+03
6.174000000000000000e+03
6.181000000000000000e+03
6.188000000000000000e+03
6.191000000000000000e+03
6.194000000000000000e+03
6.196000000000000000e+03
6.199000000000000000e+03
6.208000000000000000e+03
6.212000000000000000e+03
6.213000000000000000e+03
6.226000000000000000e+03
6.228000000000000000e+03
6.242000000000000000e+03
6.243000000000000000e+03
6.250000000000000000e+03
6.258000000000000000e+03
6.259000000000000000e+03
6.261000000000000000e+03
6.271000000000000000e+03
6.277000000000000000e+03
6.284000000000000000e+03
6.286000000000000000e+03
6.289000000000000000e+03
6.290000000000000000e+03
6.296000000000000000e+03
6.341000000000000000e+03
6.362000000000000000e+03
6.370000000000000000e+03
6.382000000000000000e+03
6.383000000000000000e+03
6.390000000000000000e+03
6.397000000000000000e+03
6.405000000000000000e+03
6.407000000000000000e+03
6.411000000000000000e+03
6.422000000000000000e+03
6.448000000000000000e+03
6.455000000000000000e+03
6.467000000000000000e+03
6.471000000000000000e+03
6.477000000000000000e+03
6.486000000000000000e+03
6.495000000000000000e+03
6.516000000000000000e+03
6.528000000000000000e+03
6.542000000000000000e+03
6.543000000000000000e+03
6.544000000000000000e+03
6.545000000000000000e+03
6.548000000000000000e+03
6.550000000000000000e+03
6.551000000000000000e+03
6.552000000000000000e+03
6.554000000000000000e+03
6.561000000000000000e+03
6.573000000000000000e+03
6.576000000000000000e+03
6.588000000000000000e+03
6.590000000000000000e+03
6.593000000000000000e+03
6.599000000000000000e+03
6.600000000000000000e+03
6.601000000000000000e+03
6.609000000000000000e+03
6.621000000000000000e+03
6.637000000000000000e+03
6.639000000000000000e+03
6.640000000000000000e+03
6.643000000000000000e+03
6.644000000000000000e+03
6.654000000000000000e+03
6.657000000000000000e+03
6.662000000000000000e+03
6.663000000000000000e+03
6.665000000000000000e+03
6.666000000000000000e+03
6.669000000000000000e+03
6.671000000000000000e+03
6.672000000000000000e+03
6.675000000000000000e+03
6.676000000000000000e+03
6.678000000000000000e+03
6.679000000000000000e+03
6.680000000000000000e+03
6.681000000000000000e+03
6.682000000000000000e+03
6.683000000000000000e+03
6.688000000000000000e+03
6.693000000000000000e+03
6.696000000000000000e+03
6.719000000000000000e+03
6.721000000000000000e+03
6.732000000000000000e+03
6.751000000000000000e+03
6.759000000000000000e+03
6.761000000000000000e+03
6.781000000000000000e+03
6.783000000000000000e+03
6.784000000000000000e+03
6.813000000000000000e+03
6.815000000000000000e+03
6.821000000000000000e+03
6.822000000000000000e+03
6.823000000000000000e+03
6.826000000000000000e+03
6.850000000000000000e+03
6.854000000000000000e+03
6.863000000000000000e+03
6.864000000000000000e+03
6.875000000000000000e+03
6.876000000000000000e+03
6.877000000000000000e+03
6.895000000000000000e+03
6.899000000000000000e+03
6.907000000000000000e+03
6.915000000000000000e+03
6.917000000000000000e+03
6.920000000000000000e+03
6.924000000000000000e+03
6.926000000000000000e+03
6.928000000000000000e+03
6.931000000000000000e+03
6.932000000000000000e+03
6.935000000000000000e+03
6.939000000000000000e+03
6.941000000000000000e+03
6.943000000000000000e+03
6.950000000000000000e+03
6.951000000000000000e+03
6.956000000000000000e+03
6.974000000000000000e+03
6.978000000000000000e+03
6.982000000000000000e+03
6.985000000000000000e+03
6.988000000000000000e+03
6.989000000000000000e+03
6.991000000000000000e+03
6.997000000000000000e+03
6.998000000000000000e+03
6.999000000000000000e+03
7.000000000000000000e+03
7.003000000000000000e+03
7.005000000000000000e+03
7.010000000000000000e+03
7.018000000000000000e+03
7.023000000000000000e+03
7.025000000000000000e+03
7.027000000000000000e+03
7.028000000000000000e+03
7.030000000000000000e+03
7.034000000000000000e+03
7.036000000000000000e+03
7.040000000000000000e+03
7.042000000000000000e+03
7.047000000000000000e+03
7.048000000000000000e+03
7.051000000000000000e+03
7.053000000000000000e+03
7.057000000000000000e+03
7.058000000000000000e+03
7.066000000000000000e+03
7.068000000000000000e+03
7.069000000000000000e+03
7.071000000000000000e+03
7.073000000000000000e+03
7.080000000000000000e+03
7.082000000000000000e+03
7.092000000000000000e+03
7.102000000000000000e+03
7.103000000000000000e+03
7.105000000000000000e+03
7.106000000000000000e+03
7.107000000000000000e+03
7.121000000000000000e+03
7.123000000000000000e+03
7.131000000000000000e+03
7.132000000000000000e+03
7.133000000000000000e+03
7.134000000000000000e+03
7.135000000000000000e+03
7.139000000000000000e+03
7.141000000000000000e+03
7.142000000000000000e+03
7.143000000000000000e+03
7.150000000000000000e+03
7.151000000000000000e+03
7.152000000000000000e+03
7.153000000000000000e+03
7.154000000000000000e+03
7.158000000000000000e+03
7.166000000000000000e+03
7.167000000000000000e+03
7.169000000000000000e+03
7.170000000000000000e+03
7.173000000000000000e+03
7.174000000000000000e+03
7.175000000000000000e+03
7.177000000000000000e+03
7.178000000000000000e+03
7.179000000000000000e+03
7.181000000000000000e+03
7.185000000000000000e+03
7.186000000000000000e+03
7.187000000000000000e+03
7.188000000000000000e+03
7.190000000000000000e+03
7.191000000000000000e+03
7.194000000000000000e+03
7.196000000000000000e+03
7.199000000000000000e+03
7.202000000000000000e+03
7.203000000000000000e+03
7.204000000000000000e+03
7.208000000000000000e+03
7.210000000000000000e+03
7.211000000000000000e+03
7.212000000000000000e+03
7.213000000000000000e+03
7.216000000000000000e+03
7.217000000000000000e+03
7.220000000000000000e+03
7.227000000000000000e+03
7.232000000000000000e+03
7.233000000000000000e+03
7.237000000000000000e+03
7.243000000000000000e+03
7.244000000000000000e+03
7.251000000000000000e+03
7.256000000000000000e+03
7.263000000000000000e+03
7.268000000000000000e+03
7.269000000000000000e+03
7.274000000000000000e+03
7.279000000000000000e+03
7.287000000000000000e+03
7.288000000000000000e+03
7.290000000000000000e+03
7.301000000000000000e+03
7.303000000000000000e+03
7.304000000000000000e+03
7.305000000000000000e+03
7.306000000000000000e+03
7.309000000000000000e+03
7.310000000000000000e+03
7.311000000000000000e+03
7.313000000000000000e+03
7.314000000000000000e+03
7.315000000000000000e+03
7.316000000000000000e+03
7.321000000000000000e+03
7.328000000000000000e+03
7.330000000000000000e+03
7.333000000000000000e+03
7.357000000000000000e+03
7.374000000000000000e+03
7.392000000000000000e+03
7.393000000000000000e+03
7.396000000000000000e+03
7.400000000000000000e+03
7.401000000000000000e+03
7.406000000000000000e+03
7.409000000000000000e+03
7.412000000000000000e+03
7.414000000000000000e+03
7.415000000000000000e+03
7.420000000000000000e+03
7.432000000000000000e+03
7.440000000000000000e+03
7.444000000000000000e+03
7.452000000000000000e+03
7.462000000000000000e+03
7.468000000000000000e+03
7.475000000000000000e+03
7.493000000000000000e+03
7.502000000000000000e+03
7.503000000000000000e+03
7.510000000000000000e+03
7.512000000000000000e+03
7.513000000000000000e+03
7.534000000000000000e+03
7.539000000000000000e+03
7.548000000000000000e+03
7.549000000000000000e+03
7.550000000000000000e+03
7.551000000000000000e+03
7.554000000000000000e+03
7.557000000000000000e+03
7.561000000000000000e+03
7.562000000000000000e+03
7.563000000000000000e+03
7.565000000000000000e+03
7.572000000000000000e+03
7.580000000000000000e+03
7.582000000000000000e+03
7.583000000000000000e+03
7.584000000000000000e+03
7.586000000000000000e+03
7.589000000000000000e+03
7.591000000000000000e+03
7.595000000000000000e+03
7.599000000000000000e+03
7.603000000000000000e+03
7.605000000000000000e+03
7.606000000000000000e+03
7.609000000000000000e+03
7.612000000000000000e+03
7.614000000000000000e+03
7.617000000000000000e+03
7.620000000000000000e+03
7.624000000000000000e+03
7.630000000000000000e+03
7.634000000000000000e+03
7.636000000000000000e+03
7.638000000000000000e+03
7.639000000000000000e+03
7.640000000000000000e+03
7.644000000000000000e+03
7.653000000000000000e+03
7.654000000000000000e+03
7.663000000000000000e+03
7.664000000000000000e+03
7.665000000000000000e+03
7.667000000000000000e+03
7.683000000000000000e+03
7.692000000000000000e+03
7.693000000000000000e+03
7.695000000000000000e+03
7.696000000000000000e+03
7.705000000000000000e+03
7.706000000000000000e+03
7.709000000000000000e+03
7.717000000000000000e+03
7.718000000000000000e+03
7.719000000000000000e+03
7.721000000000000000e+03
7.722000000000000000e+03
7.723000000000000000e+03
7.724000000000000000e+03
7.725000000000000000e+03
7.726000000000000000e+03
7.727000000000000000e+03
7.730000000000000000e+03
7.731000000000000000e+03
7.733000000000000000e+03
7.734000000000000000e+03
7.737000000000000000e+03
7.738000000000000000e+03
7.740000000000000000e+03
7.741000000000000000e+03
7.749000000000000000e+03
7.751000000000000000e+03
7.754000000000000000e+03
7.762000000000000000e+03
7.763000000000000000e+03
7.772000000000000000e+03
7.776000000000000000e+03
7.778000000000000000e+03
7.784000000000000000e+03
7.790000000000000000e+03
7.798000000000000000e+03
7.801000000000000000e+03
7.806000000000000000e+03
7.808000000000000000e+03
7.809000000000000000e+03
7.811000000000000000e+03
7.812000000000000000e+03
7.813000000000000000e+03
7.821000000000000000e+03
7.822000000000000000e+03
7.823000000000000000e+03
7.824000000000000000e+03
7.829000000000000000e+03
7.830000000000000000e+03
7.832000000000000000e+03
7.833000000000000000e+03
7.835000000000000000e+03
7.836000000000000000e+03
7.837000000000000000e+03
7.838000000000000000e+03
7.840000000000000000e+03
7.841000000000000000e+03
7.842000000000000000e+03
7.843000000000000000e+03
7.848000000000000000e+03
7.851000000000000000e+03
7.852000000000000000e+03
7.853000000000000000e+03
7.860000000000000000e+03
7.862000000000000000e+03
7.863000000000000000e+03
7.868000000000000000e+03
7.869000000000000000e+03
7.870000000000000000e+03
7.874000000000000000e+03
7.876000000000000000e+03
7.878000000000000000e+03
7.884000000000000000e+03
7.887000000000000000e+03
7.888000000000000000e+03
7.889000000000000000e+03
7.891000000000000000e+03
7.892000000000000000e+03
7.894000000000000000e+03
7.898000000000000000e+03
7.902000000000000000e+03
7.904000000000000000e+03
7.905000000000000000e+03
7.907000000000000000e+03
7.909000000000000000e+03
7.910000000000000000e+03
7.912000000000000000e+03
7.913000000000000000e+03
7.916000000000000000e+03
7.920000000000000000e+03
7.934000000000000000e+03
7.937000000000000000e+03
7.941000000000000000e+03
7.943000000000000000e+03
7.948000000000000000e+03
7.952000000000000000e+03
7.954000000000000000e+03
7.955000000000000000e+03
7.956000000000000000e+03
7.960000000000000000e+03
7.962000000000000000e+03
7.965000000000000000e+03
7.966000000000000000e+03
7.968000000000000000e+03
7.969000000000000000e+03
7.978000000000000000e+03
7.988000000000000000e+03
8.001000000000000000e+03
8.002000000000000000e+03
8.004000000000000000e+03
8.012000000000000000e+03
8.027000000000000000e+03
8.029000000000000000e+03
8.030000000000000000e+03
8.031000000000000000e+03
8.032000000000000000e+03
8.033000000000000000e+03
8.034000000000000000e+03
8.035000000000000000e+03
8.036000000000000000e+03
8.037000000000000000e+03
8.038000000000000000e+03
8.039000000000000000e+03
8.048000000000000000e+03
8.049000000000000000e+03
8.051000000000000000e+03
8.053000000000000000e+03
8.055000000000000000e+03
8.059000000000000000e+03
8.066000000000000000e+03
8.072000000000000000e+03
8.074000000000000000e+03
8.085000000000000000e+03
8.087000000000000000e+03
8.088000000000000000e+03
8.092000000000000000e+03
8.103000000000000000e+03
8.104000000000000000e+03
8.107000000000000000e+03
8.115000000000000000e+03
8.116000000000000000e+03
8.117000000000000000e+03
8.118000000000000000e+03
8.119000000000000000e+03
8.121000000000000000e+03
8.122000000000000000e+03
8.123000000000000000e+03
8.124000000000000000e+03
8.125000000000000000e+03
8.133000000000000000e+03
8.134000000000000000e+03
8.135000000000000000e+03
8.136000000000000000e+03
8.137000000000000000e+03
8.138000000000000000e+03
8.139000000000000000e+03
8.140000000000000000e+03
8.141000000000000000e+03
8.142000000000000000e+03
8.143000000000000000e+03
8.144000000000000000e+03
8.149000000000000000e+03
8.150000000000000000e+03
8.151000000000000000e+03
8.152000000000000000e+03
8.153000000000000000e+03
8.154000000000000000e+03
8.155000000000000000e+03
8.156000000000000000e+03
8.157000000000000000e+03
8.158000000000000000e+03
8.159000000000000000e+03
8.160000000000000000e+03
8.161000000000000000e+03
8.162000000000000000e+03
8.163000000000000000e+03
8.164000000000000000e+03
8.165000000000000000e+03
8.166000000000000000e+03
8.167000000000000000e+03
8.168000000000000000e+03
8.169000000000000000e+03
8.170000000000000000e+03
8.171000000000000000e+03
8.172000000000000000e+03
8.173000000000000000e+03
8.174000000000000000e+03
8.175000000000000000e+03
8.176000000000000000e+03
8.177000000000000000e+03
8.178000000000000000e+03
8.179000000000000000e+03
8.180000000000000000e+03
8.181000000000000000e+03
8.183000000000000000e+03
8.184000000000000000e+03
8.185000000000000000e+03
8.186000000000000000e+03
8.187000000000000000e+03
8.188000000000000000e+03
8.189000000000000000e+03
8.212000000000000000e+03
8.231000000000000000e+03
8.234000000000000000e+03
8.237000000000000000e+03
8.238000000000000000e+03
8.270000000000000000e+03
8.271000000000000000e+03
8.276000000000000000e+03
8.277000000000000000e+03
8.285000000000000000e+03
8.294000000000000000e+03
8.307000000000000000e+03
8.317000000000000000e+03
8.328000000000000000e+03
8.346000000000000000e+03
8.347000000000000000e+03
8.348000000000000000e+03
8.349000000000000000e+03
8.351000000000000000e+03
8.353000000000000000e+03
8.357000000000000000e+03
8.358000000000000000e+03
8.359000000000000000e+03
8.360000000000000000e+03
8.362000000000000000e+03
8.363000000000000000e+03
8.366000000000000000e+03
8.367000000000000000e+03
8.368000000000000000e+03
8.369000000000000000e+03
8.371000000000000000e+03
8.373000000000000000e+03
8.374000000000000000e+03
8.375000000000000000e+03
8.376000000000000000e+03
8.377000000000000000e+03
8.378000000000000000e+03
8.382000000000000000e+03
8.383000000000000000e+03
8.385000000000000000e+03
8.389000000000000000e+03
8.404000000000000000e+03
8.405000000000000000e+03
8.411000000000000000e+03
8.414000000000000000e+03
8.423000000000000000e+03
8.424000000000000000e+03
8.425000000000000000e+03
8.426000000000000000e+03
8.431000000000000000e+03
8.432000000000000000e+03
8.434000000000000000e+03
8.437000000000000000e+03
8.438000000000000000e+03
8.447000000000000000e+03
8.448000000000000000e+03
8.451000000000000000e+03
8.452000000000000000e+03
8.462000000000000000e+03
8.463000000000000000e+03
8.465000000000000000e+03
8.466000000000000000e+03
8.467000000000000000e+03
8.469000000000000000e+03
8.470000000000000000e+03
8.473000000000000000e+03
8.475000000000000000e+03
8.480000000000000000e+03
8.482000000000000000e+03
8.483000000000000000e+03
8.484000000000000000e+03
8.486000000000000000e+03
8.487000000000000000e+03
8.489000000000000000e+03
8.490000000000000000e+03
8.492000000000000000e+03
8.504000000000000000e+03
8.507000000000000000e+03
8.510000000000000000e+03
8.514000000000000000e+03
8.518000000000000000e+03
8.521000000000000000e+03
8.522000000000000000e+03
8.523000000000000000e+03
8.525000000000000000e+03
8.526000000000000000e+03
8.530000000000000000e+03
8.532000000000000000e+03
8.533000000000000000e+03
8.534000000000000000e+03
8.536000000000000000e+03
8.540000000000000000e+03
8.541000000000000000e+03
8.544000000000000000e+03
8.551000000000000000e+03
8.564000000000000000e+03
8.568000000000000000e+03
8.570000000000000000e+03
8.571000000000000000e+03
8.572000000000000000e+03
8.573000000000000000e+03
8.574000000000000000e+03
8.575000000000000000e+03
8.583000000000000000e+03
8.586000000000000000e+03
8.587000000000000000e+03
8.590000000000000000e+03
8.591000000000000000e+03
8.595000000000000000e+03
8.600000000000000000e+03
8.601000000000000000e+03
8.602000000000000000e+03
8.605000000000000000e+03
8.606000000000000000e+03
8.612000000000000000e+03
8.616000000000000000e+03
8.621000000000000000e+03
8.624000000000000000e+03
8.626000000000000000e+03
8.629000000000000000e+03
8.631000000000000000e+03
8.634000000000000000e+03
8.636000000000000000e+03
8.637000000000000000e+03
8.640000000000000000e+03
8.644000000000000000e+03
8.646000000000000000e+03
8.647000000000000000e+03
8.648000000000000000e+03
8.651000000000000000e+03
8.656000000000000000e+03
8.657000000000000000e+03
8.659000000000000000e+03
8.660000000000000000e+03
8.661000000000000000e+03
8.662000000000000000e+03
8.663000000000000000e+03
8.665000000000000000e+03
8.666000000000000000e+03
8.667000000000000000e+03
8.668000000000000000e+03
8.669000000000000000e+03
8.670000000000000000e+03
8.675000000000000000e+03
8.676000000000000000e+03
8.677000000000000000e+03
8.679000000000000000e+03
8.680000000000000000e+03
8.681000000000000000e+03
8.683000000000000000e+03
8.684000000000000000e+03
8.685000000000000000e+03
8.687000000000000000e+03
8.688000000000000000e+03
8.689000000000000000e+03
8.691000000000000000e+03
8.692000000000000000e+03
8.696000000000000000e+03
8.697000000000000000e+03
8.698000000000000000e+03
8.699000000000000000e+03
8.701000000000000000e+03
8.702000000000000000e+03
8.703000000000000000e+03
8.705000000000000000e+03
8.706000000000000000e+03
8.708000000000000000e+03
8.710000000000000000e+03
8.712000000000000000e+03
8.713000000000000000e+03
8.716000000000000000e+03
8.717000000000000000e+03
8.718000000000000000e+03
8.719000000000000000e+03
8.722000000000000000e+03
8.724000000000000000e+03
8.726000000000000000e+03
8.730000000000000000e+03
8.731000000000000000e+03
8.732000000000000000e+03
8.737000000000000000e+03
8.740000000000000000e+03
8.741000000000000000e+03
8.742000000000000000e+03
8.743000000000000000e+03
8.744000000000000000e+03
8.745000000000000000e+03
8.746000000000000000e+03
8.747000000000000000e+03
8.748000000000000000e+03
8.749000000000000000e+03
8.750000000000000000e+03
8.751000000000000000e+03
8.753000000000000000e+03
8.754000000000000000e+03
8.755000000000000000e+03
8.756000000000000000e+03
8.757000000000000000e+03
8.758000000000000000e+03
8.759000000000000000e+03
8.761000000000000000e+03
8.762000000000000000e+03
8.763000000000000000e+03
8.764000000000000000e+03
8.765000000000000000e+03
8.766000000000000000e+03
8.768000000000000000e+03
8.769000000000000000e+03
8.773000000000000000e+03
8.774000000000000000e+03
8.775000000000000000e+03
8.776000000000000000e+03
8.780000000000000000e+03
8.782000000000000000e+03
8.788000000000000000e+03
8.790000000000000000e+03
8.791000000000000000e+03
8.792000000000000000e+03
8.794000000000000000e+03
8.796000000000000000e+03
8.798000000000000000e+03
8.801000000000000000e+03
8.803000000000000000e+03
8.804000000000000000e+03
8.805000000000000000e+03
8.808000000000000000e+03
8.809000000000000000e+03
8.811000000000000000e+03
8.813000000000000000e+03
8.815000000000000000e+03
8.817000000000000000e+03
8.818000000000000000e+03
8.819000000000000000e+03
8.820000000000000000e+03
8.822000000000000000e+03
8.829000000000000000e+03
8.831000000000000000e+03
8.832000000000000000e+03
8.833000000000000000e+03
8.834000000000000000e+03
8.838000000000000000e+03
8.844000000000000000e+03
8.845000000000000000e+03
8.846000000000000000e+03
8.848000000000000000e+03
8.849000000000000000e+03
8.850000000000000000e+03
8.852000000000000000e+03
8.853000000000000000e+03
8.854000000000000000e+03
8.855000000000000000e+03
8.856000000000000000e+03
8.857000000000000000e+03
8.860000000000000000e+03
8.861000000000000000e+03
8.862000000000000000e+03
8.907000000000000000e+03
8.925000000000000000e+03
8.927000000000000000e+03
8.931000000000000000e+03
8.932000000000000000e+03
8.933000000000000000e+03
8.934000000000000000e+03
8.937000000000000000e+03
8.938000000000000000e+03
8.939000000000000000e+03
8.943000000000000000e+03
8.944000000000000000e+03
8.948000000000000000e+03
8.949000000000000000e+03
8.950000000000000000e+03
8.952000000000000000e+03
8.953000000000000000e+03
8.954000000000000000e+03
8.959000000000000000e+03
8.960000000000000000e+03
8.962000000000000000e+03
8.963000000000000000e+03
8.965000000000000000e+03
8.966000000000000000e+03
8.968000000000000000e+03
8.973000000000000000e+03
8.979000000000000000e+03
8.980000000000000000e+03
8.983000000000000000e+03
8.985000000000000000e+03
8.986000000000000000e+03
8.987000000000000000e+03
8.988000000000000000e+03
8.993000000000000000e+03
8.994000000000000000e+03
8.996000000000000000e+03
8.999000000000000000e+03
9.001000000000000000e+03
9.003000000000000000e+03
9.007000000000000000e+03
9.008000000000000000e+03
9.012000000000000000e+03
9.014000000000000000e+03
9.015000000000000000e+03
9.016000000000000000e+03
9.018000000000000000e+03
9.019000000000000000e+03
9.022000000000000000e+03
9.023000000000000000e+03
9.025000000000000000e+03
9.026000000000000000e+03
9.027000000000000000e+03
9.028000000000000000e+03
9.030000000000000000e+03
9.031000000000000000e+03
9.040000000000000000e+03
9.041000000000000000e+03
9.043000000000000000e+03
9.047000000000000000e+03
9.049000000000000000e+03
9.050000000000000000e+03
9.053000000000000000e+03
9.056000000000000000e+03
9.058000000000000000e+03
9.063000000000000000e+03
9.064000000000000000e+03
9.066000000000000000e+03
9.067000000000000000e+03
9.068000000000000000e+03
9.069000000000000000e+03
9.070000000000000000e+03
9.073000000000000000e+03
9.074000000000000000e+03
9.075000000000000000e+03
9.076000000000000000e+03
9.077000000000000000e+03
9.078000000000000000e+03
9.079000000000000000e+03
9.083000000000000000e+03
9.085000000000000000e+03
9.086000000000000000e+03
9.089000000000000000e+03
9.092000000000000000e+03
9.093000000000000000e+03
9.094000000000000000e+03
9.095000000000000000e+03
9.096000000000000000e+03
9.098000000000000000e+03
9.099000000000000000e+03
9.101000000000000000e+03
9.102000000000000000e+03
9.103000000000000000e+03
9.104000000000000000e+03
9.107000000000000000e+03
9.108000000000000000e+03
9.109000000000000000e+03
9.112000000000000000e+03
9.113000000000000000e+03
9.115000000000000000e+03
9.116000000000000000e+03
9.119000000000000000e+03
9.120000000000000000e+03
9.121000000000000000e+03
9.122000000000000000e+03
9.123000000000000000e+03
9.124000000000000000e+03
9.126000000000000000e+03
9.127000000000000000e+03
9.137000000000000000e+03
9.138000000000000000e+03
9.140000000000000000e+03
9.143000000000000000e+03
9.144000000000000000e+03
9.146000000000000000e+03
9.149000000000000000e+03
9.150000000000000000e+03
9.151000000000000000e+03
9.152000000000000000e+03
9.153000000000000000e+03
9.156000000000000000e+03
9.160000000000000000e+03
9.164000000000000000e+03
9.165000000000000000e+03
9.166000000000000000e+03
9.167000000000000000e+03
9.168000000000000000e+03
9.169000000000000000e+03
9.172000000000000000e+03
9.173000000000000000e+03
9.174000000000000000e+03
9.175000000000000000e+03
9.176000000000000000e+03
9.177000000000000000e+03
9.179000000000000000e+03
9.180000000000000000e+03
9.182000000000000000e+03
9.185000000000000000e+03
9.188000000000000000e+03
9.193000000000000000e+03
9.194000000000000000e+03
9.195000000000000000e+03
9.196000000000000000e+03
9.197000000000000000e+03
9.200000000000000000e+03
9.202000000000000000e+03
9.203000000000000000e+03
9.206000000000000000e+03
9.208000000000000000e+03
9.210000000000000000e+03
9.212000000000000000e+03
9.213000000000000000e+03
9.214000000000000000e+03
9.215000000000000000e+03
9.216000000000000000e+03
9.217000000000000000e+03
9.220000000000000000e+03
9.221000000000000000e+03
9.222000000000000000e+03
9.223000000000000000e+03
9.224000000000000000e+03
9.225000000000000000e+03
9.227000000000000000e+03
9.228000000000000000e+03
9.237000000000000000e+03
9.238000000000000000e+03
9.239000000000000000e+03
9.242000000000000000e+03
9.244000000000000000e+03
9.255000000000000000e+03
9.257000000000000000e+03
9.258000000000000000e+03
9.259000000000000000e+03
9.260000000000000000e+03
9.264000000000000000e+03
9.267000000000000000e+03
9.272000000000000000e+03
9.275000000000000000e+03
9.283000000000000000e+03
9.286000000000000000e+03
9.289000000000000000e+03
9.290000000000000000e+03
9.293000000000000000e+03
9.297000000000000000e+03
9.298000000000000000e+03
9.300000000000000000e+03
9.301000000000000000e+03
9.307000000000000000e+03
9.314000000000000000e+03
9.316000000000000000e+03
9.319000000000000000e+03
9.320000000000000000e+03
9.322000000000000000e+03
9.324000000000000000e+03
9.325000000000000000e+03
9.329000000000000000e+03
9.333000000000000000e+03
9.335000000000000000e+03
9.339000000000000000e+03
9.344000000000000000e+03
9.351000000000000000e+03
9.354000000000000000e+03
9.355000000000000000e+03
9.356000000000000000e+03
9.358000000000000000e+03
9.359000000000000000e+03
9.360000000000000000e+03
9.361000000000000000e+03
9.363000000000000000e+03
9.364000000000000000e+03
9.366000000000000000e+03
9.367000000000000000e+03
9.368000000000000000e+03
9.369000000000000000e+03
9.370000000000000000e+03
9.372000000000000000e+03
9.374000000000000000e+03
9.375000000000000000e+03
9.376000000000000000e+03
9.377000000000000000e+03
9.378000000000000000e+03
9.381000000000000000e+03
9.382000000000000000e+03
9.384000000000000000e+03
9.385000000000000000e+03
9.386000000000000000e+03
9.387000000000000000e+03
9.388000000000000000e+03
9.389000000000000000e+03
9.390000000000000000e+03
9.391000000000000000e+03
9.392000000000000000e+03
9.393000000000000000e+03
9.395000000000000000e+03
9.397000000000000000e+03
9.398000000000000000e+03
9.399000000000000000e+03
9.400000000000000000e+03
9.401000000000000000e+03
9.402000000000000000e+03
9.403000000000000000e+03
9.404000000000000000e+03
9.405000000000000000e+03
9.406000000000000000e+03
9.407000000000000000e+03
9.409000000000000000e+03
9.410000000000000000e+03
9.412000000000000000e+03
9.413000000000000000e+03
9.414000000000000000e+03
9.415000000000000000e+03
9.416000000000000000e+03
9.417000000000000000e+03
9.418000000000000000e+03
9.419000000000000000e+03
9.420000000000000000e+03
9.421000000000000000e+03
9.423000000000000000e+03
9.424000000000000000e+03
9.428000000000000000e+03
9.433000000000000000e+03
9.434000000000000000e+03
9.436000000000000000e+03
9.438000000000000000e+03
9.441000000000000000e+03
9.447000000000000000e+03
9.448000000000000000e+03
9.449000000000000000e+03
9.450000000000000000e+03
9.456000000000000000e+03
9.457000000000000000e+03
9.458000000000000000e+03
9.462000000000000000e+03
9.464000000000000000e+03
9.465000000000000000e+03
9.466000000000000000e+03
9.468000000000000000e+03
9.474000000000000000e+03
9.475000000000000000e+03
9.476000000000000000e+03
9.477000000000000000e+03
9.479000000000000000e+03
9.482000000000000000e+03
9.483000000000000000e+03
9.485000000000000000e+03
9.487000000000000000e+03
9.489000000000000000e+03
9.490000000000000000e+03
9.491000000000000000e+03
9.494000000000000000e+03
9.496000000000000000e+03
9.497000000000000000e+03
9.498000000000000000e+03
9.502000000000000000e+03
9.503000000000000000e+03
9.504000000000000000e+03
9.505000000000000000e+03
9.511000000000000000e+03
9.512000000000000000e+03
9.517000000000000000e+03
9.520000000000000000e+03
9.522000000000000000e+03
9.523000000000000000e+03
9.527000000000000000e+03
9.532000000000000000e+03
9.535000000000000000e+03
9.536000000000000000e+03
9.538000000000000000e+03
9.539000000000000000e+03
9.540000000000000000e+03
9.542000000000000000e+03
9.546000000000000000e+03
9.553000000000000000e+03
9.557000000000000000e+03
9.559000000000000000e+03
9.560000000000000000e+03
9.565000000000000000e+03
9.566000000000000000e+03
9.568000000000000000e+03
9.569000000000000000e+03
9.577000000000000000e+03
9.767000000000000000e+03
9.770000000000000000e+03
9.774000000000000000e+03
9.775000000000000000e+03
9.776000000000000000e+03
9.777000000000000000e+03
9.807000000000000000e+03
9.808000000000000000e+03
9.832000000000000000e+03
9.836000000000000000e+03
9.837000000000000000e+03
9.838000000000000000e+03
9.846000000000000000e+03
9.852000000000000000e+03
9.859000000000000000e+03
9.860000000000000000e+03
9.861000000000000000e+03
9.870000000000000000e+03
9.872000000000000000e+03
9.873000000000000000e+03
9.875000000000000000e+03
9.876000000000000000e+03
9.883000000000000000e+03
9.884000000000000000e+03
9.888000000000000000e+03
9.895000000000000000e+03
9.899000000000000000e+03
9.900000000000000000e+03
9.901000000000000000e+03
9.904000000000000000e+03
9.907000000000000000e+03
9.910000000000000000e+03
9.911000000000000000e+03
9.915000000000000000e+03
9.917000000000000000e+03
9.919000000000000000e+03
9.921000000000000000e+03
9.922000000000000000e+03
9.923000000000000000e+03
9.927000000000000000e+03
9.928000000000000000e+03
9.929000000000000000e+03
9.930000000000000000e+03
9.932000000000000000e+03
9.933000000000000000e+03
9.935000000000000000e+03
9.941000000000000000e+03
9.949000000000000000e+03
9.951000000000000000e+03
9.954000000000000000e+03
9.959000000000000000e+03
9.960000000000000000e+03
9.961000000000000000e+03
9.963000000000000000e+03
9.964000000000000000e+03
9.971000000000000000e+03
9.972000000000000000e+03
9.973000000000000000e+03
9.974000000000000000e+03
9.975000000000000000e+03
9.976000000000000000e+03
9.977000000000000000e+03
9.979000000000000000e+03
9.980000000000000000e+03
9.984000000000000000e+03
9.986000000000000000e+03
9.988000000000000000e+03
9.990000000000000000e+03
9.999000000000000000e+03
1.000000000000000000e+04
1.000800000000000000e+04
1.002100000000000000e+04
1.002600000000000000e+04
1.002700000000000000e+04
1.002800000000000000e+04
1.002900000000000000e+04
1.003000000000000000e+04
1.003300000000000000e+04
1.003600000000000000e+04
1.003700000000000000e+04
1.003800000000000000e+04
1.003900000000000000e+04
1.004100000000000000e+04
1.004300000000000000e+04
1.004400000000000000e+04
1.004500000000000000e+04
1.005100000000000000e+04
1.005400000000000000e+04
1.005500000000000000e+04
1.006200000000000000e+04
1.006300000000000000e+04
1.006400000000000000e+04
1.006900000000000000e+04
1.007100000000000000e+04
1.007300000000000000e+04
1.008100000000000000e+04
1.008500000000000000e+04
1.008600000000000000e+04
1.009000000000000000e+04
1.009300000000000000e+04
1.010100000000000000e+04
1.010200000000000000e+04
1.010400000000000000e+04
1.010500000000000000e+04
1.010600000000000000e+04
1.010800000000000000e+04
1.010900000000000000e+04
1.011100000000000000e+04
1.011800000000000000e+04
1.012200000000000000e+04
1.012300000000000000e+04
1.012500000000000000e+04
1.012800000000000000e+04
1.013000000000000000e+04
1.013100000000000000e+04
1.013200000000000000e+04
1.013600000000000000e+04
1.013700000000000000e+04
1.014100000000000000e+04
1.014300000000000000e+04
1.014500000000000000e+04
1.014600000000000000e+04
1.015000000000000000e+04
1.015800000000000000e+04
1.017700000000000000e+04
1.018000000000000000e+04
1.018600000000000000e+04
1.018800000000000000e+04
1.018900000000000000e+04
1.019200000000000000e+04
1.019400000000000000e+04
1.019800000000000000e+04
1.020100000000000000e+04
1.020300000000000000e+04
1.020900000000000000e+04
1.021000000000000000e+04
1.021200000000000000e+04
1.021300000000000000e+04
1.021500000000000000e+04
1.021600000000000000e+04
1.022600000000000000e+04
1.022800000000000000e+04
1.022900000000000000e+04
1.023000000000000000e+04
1.023100000000000000e+04
1.023300000000000000e+04
1.023600000000000000e+04
1.023800000000000000e+04
1.024000000000000000e+04
1.024200000000000000e+04
1.024300000000000000e+04
1.024400000000000000e+04
1.024600000000000000e+04
1.024700000000000000e+04
1.024800000000000000e+04
1.025100000000000000e+04
1.025300000000000000e+04
1.025400000000000000e+04
1.025500000000000000e+04
1.025600000000000000e+04
1.025700000000000000e+04
1.025800000000000000e+04
1.025900000000000000e+04
1.026000000000000000e+04
1.026100000000000000e+04
1.026200000000000000e+04
1.026400000000000000e+04
1.026500000000000000e+04
1.026600000000000000e+04
1.026700000000000000e+04
1.026800000000000000e+04
1.026900000000000000e+04
1.027000000000000000e+04
1.027100000000000000e+04
1.027200000000000000e+04
1.027400000000000000e+04
1.027600000000000000e+04
1.027900000000000000e+04
1.028000000000000000e+04
1.028100000000000000e+04
1.028200000000000000e+04
1.028300000000000000e+04
1.028400000000000000e+04
1.028500000000000000e+04
1.028700000000000000e+04
1.028800000000000000e+04
1.028900000000000000e+04
1.029100000000000000e+04
1.029300000000000000e+04
1.029400000000000000e+04
1.029500000000000000e+04
1.029600000000000000e+04
1.029700000000000000e+04
1.029800000000000000e+04
1.030000000000000000e+04
1.030200000000000000e+04
1.030300000000000000e+04
1.030400000000000000e+04
1.030700000000000000e+04
1.030900000000000000e+04
1.031000000000000000e+04
1.031100000000000000e+04
1.031300000000000000e+04
1.031500000000000000e+04
1.031600000000000000e+04
1.031700000000000000e+04
1.031800000000000000e+04
1.031900000000000000e+04
1.032000000000000000e+04
1.032100000000000000e+04
1.032200000000000000e+04
1.032400000000000000e+04
1.032500000000000000e+04
1.033000000000000000e+04
1.033100000000000000e+04
1.033200000000000000e+04
1.033400000000000000e+04
1.033600000000000000e+04
1.033800000000000000e+04
1.033900000000000000e+04
1.034200000000000000e+04
1.034300000000000000e+04
1.034500000000000000e+04
1.034600000000000000e+04
1.035000000000000000e+04
1.035100000000000000e+04
1.035200000000000000e+04
1.035300000000000000e+04
1.035400000000000000e+04
1.035500000000000000e+04
1.035600000000000000e+04
1.035700000000000000e+04
1.035800000000000000e+04
1.036000000000000000e+04
1.036200000000000000e+04
1.036300000000000000e+04
1.036400000000000000e+04
1.037000000000000000e+04
1.037300000000000000e+04
1.037600000000000000e+04
1.037700000000000000e+04
1.038100000000000000e+04
1.038800000000000000e+04
1.038900000000000000e+04
1.039000000000000000e+04
1.039200000000000000e+04
1.039300000000000000e+04
1.039400000000000000e+04
1.039500000000000000e+04
1.039600000000000000e+04
1.039900000000000000e+04
1.040000000000000000e+04
1.040100000000000000e+04
1.040500000000000000e+04
1.040600000000000000e+04
1.040700000000000000e+04
1.040800000000000000e+04
1.040900000000000000e+04
1.041100000000000000e+04
1.041200000000000000e+04
1.041300000000000000e+04
1.041400000000000000e+04
1.041500000000000000e+04
1.041600000000000000e+04
1.041700000000000000e+04
1.041800000000000000e+04
1.041900000000000000e+04
1.042100000000000000e+04
1.042200000000000000e+04
1.042300000000000000e+04
1.042500000000000000e+04
1.042800000000000000e+04
1.043000000000000000e+04
1.043100000000000000e+04
1.043300000000000000e+04
1.043400000000000000e+04
1.043600000000000000e+04
1.044100000000000000e+04
1.044300000000000000e+04
1.044400000000000000e+04
1.044600000000000000e+04
1.044900000000000000e+04
1.045000000000000000e+04
1.045200000000000000e+04
1.045300000000000000e+04
1.045700000000000000e+04
1.046000000000000000e+04
1.046100000000000000e+04
1.046400000000000000e+04
1.046600000000000000e+04
1.047000000000000000e+04
1.047400000000000000e+04
1.048900000000000000e+04
1.049200000000000000e+04
1.049700000000000000e+04
1.049800000000000000e+04
1.050100000000000000e+04
1.050200000000000000e+04
1.050300000000000000e+04
1.050500000000000000e+04
1.050700000000000000e+04
1.050800000000000000e+04
1.051300000000000000e+04
1.051700000000000000e+04
1.052200000000000000e+04
1.052900000000000000e+04
1.053700000000000000e+04
1.053800000000000000e+04
1.053900000000000000e+04
1.055300000000000000e+04
1.055500000000000000e+04
1.055700000000000000e+04
1.055800000000000000e+04
1.056200000000000000e+04
1.056300000000000000e+04
1.056500000000000000e+04
1.056600000000000000e+04
1.057100000000000000e+04
1.057400000000000000e+04
1.057800000000000000e+04
1.058100000000000000e+04
1.059000000000000000e+04
1.059200000000000000e+04
1.059400000000000000e+04
1.059600000000000000e+04
1.060000000000000000e+04
1.060300000000000000e+04
1.060400000000000000e+04
1.060600000000000000e+04
1.061000000000000000e+04
1.061100000000000000e+04
1.061400000000000000e+04
1.062100000000000000e+04
1.062700000000000000e+04
1.062800000000000000e+04
1.063600000000000000e+04
1.063800000000000000e+04
1.063900000000000000e+04
1.064000000000000000e+04
1.064300000000000000e+04
1.064500000000000000e+04
1.064900000000000000e+04
1.065000000000000000e+04
1.065100000000000000e+04
1.065900000000000000e+04
1.066200000000000000e+04
1.066400000000000000e+04
1.066500000000000000e+04
1.066600000000000000e+04
1.067200000000000000e+04
1.067600000000000000e+04
1.068000000000000000e+04
1.068400000000000000e+04
1.068800000000000000e+04
1.068900000000000000e+04
1.069100000000000000e+04
1.069500000000000000e+04
1.069600000000000000e+04
1.070100000000000000e+04
1.070200000000000000e+04
1.070500000000000000e+04
1.070600000000000000e+04
1.070700000000000000e+04
1.070900000000000000e+04
1.071000000000000000e+04
1.071500000000000000e+04
1.071800000000000000e+04
1.071900000000000000e+04
1.072200000000000000e+04
1.072600000000000000e+04
1.072900000000000000e+04
1.073400000000000000e+04
1.073700000000000000e+04
1.074000000000000000e+04
1.074300000000000000e+04
1.074400000000000000e+04
1.074500000000000000e+04
1.074700000000000000e+04
1.075200000000000000e+04
1.075300000000000000e+04
1.075400000000000000e+04
1.075500000000000000e+04
1.075700000000000000e+04
1.075800000000000000e+04
1.076200000000000000e+04
1.076600000000000000e+04
1.076700000000000000e+04
1.076800000000000000e+04
1.076900000000000000e+04
1.077200000000000000e+04
1.077300000000000000e+04
1.077400000000000000e+04
1.077500000000000000e+04
1.077700000000000000e+04
1.077800000000000000e+04
1.077900000000000000e+04
1.078500000000000000e+04
1.078600000000000000e+04
1.078800000000000000e+04
1.078900000000000000e+04
1.079000000000000000e+04
1.079200000000000000e+04
1.079500000000000000e+04
1.079700000000000000e+04
1.079800000000000000e+04
1.079900000000000000e+04
1.080100000000000000e+04
1.080200000000000000e+04
1.080300000000000000e+04
1.080500000000000000e+04
1.080600000000000000e+04
1.080900000000000000e+04
1.081000000000000000e+04
1.081100000000000000e+04
1.081200000000000000e+04
1.081400000000000000e+04
1.081500000000000000e+04
1.081700000000000000e+04
1.082200000000000000e+04
1.082300000000000000e+04
1.082500000000000000e+04
1.082700000000000000e+04
1.082800000000000000e+04
1.082900000000000000e+04
1.083000000000000000e+04
1.083100000000000000e+04
1.083300000000000000e+04
1.083800000000000000e+04
1.084100000000000000e+04
1.084200000000000000e+04
1.084300000000000000e+04
1.084500000000000000e+04
1.084600000000000000e+04
1.084700000000000000e+04
1.084800000000000000e+04
1.084900000000000000e+04
1.085100000000000000e+04
1.085300000000000000e+04
1.085500000000000000e+04
1.085600000000000000e+04
1.085700000000000000e+04
1.086400000000000000e+04
1.086500000000000000e+04
1.086600000000000000e+04
1.086700000000000000e+04
1.086800000000000000e+04
1.086900000000000000e+04
1.087000000000000000e+04
1.087300000000000000e+04
1.087400000000000000e+04
1.087700000000000000e+04
1.087900000000000000e+04
1.088100000000000000e+04
1.088200000000000000e+04
1.088300000000000000e+04
1.088400000000000000e+04
1.088500000000000000e+04
1.088600000000000000e+04
1.088700000000000000e+04
1.088900000000000000e+04
1.089000000000000000e+04
1.089100000000000000e+04
1.089200000000000000e+04
1.089300000000000000e+04
1.089400000000000000e+04
1.089700000000000000e+04
1.089800000000000000e+04
1.090100000000000000e+04
1.090400000000000000e+04
1.090700000000000000e+04
1.090900000000000000e+04
1.091100000000000000e+04
1.091700000000000000e+04
1.092400000000000000e+04
1.092500000000000000e+04
1.092700000000000000e+04
1.092800000000000000e+04
1.093100000000000000e+04
1.093200000000000000e+04
1.093300000000000000e+04
1.093500000000000000e+04
1.093600000000000000e+04
1.094300000000000000e+04
1.094900000000000000e+04
1.095000000000000000e+04
1.095200000000000000e+04
1.095400000000000000e+04
1.095600000000000000e+04
1.095900000000000000e+04
1.096600000000000000e+04
1.097200000000000000e+04
1.097400000000000000e+04
1.098400000000000000e+04
1.098800000000000000e+04
1.099900000000000000e+04
1.100000000000000000e+04
1.100100000000000000e+04
1.100300000000000000e+04
1.101000000000000000e+04
1.101800000000000000e+04
1.102000000000000000e+04
1.102100000000000000e+04
1.102300000000000000e+04
1.102400000000000000e+04
1.102500000000000000e+04
1.102600000000000000e+04
1.102700000000000000e+04
1.102800000000000000e+04
1.103300000000000000e+04
1.103600000000000000e+04
1.103900000000000000e+04
1.104300000000000000e+04
1.104600000000000000e+04
1.104700000000000000e+04
1.104800000000000000e+04
1.104900000000000000e+04
1.105000000000000000e+04
1.105800000000000000e+04
1.106700000000000000e+04
1.106800000000000000e+04
1.108400000000000000e+04
1.109200000000000000e+04
1.109600000000000000e+04
1.110800000000000000e+04
1.110900000000000000e+04
1.111900000000000000e+04
1.112100000000000000e+04
1.113000000000000000e+04
1.113100000000000000e+04
1.113400000000000000e+04
1.114100000000000000e+04
1.115100000000000000e+04
1.115200000000000000e+04
1.116000000000000000e+04
1.116600000000000000e+04
1.117600000000000000e+04
1.119000000000000000e+04
1.120300000000000000e+04
1.121200000000000000e+04
1.121700000000000000e+04
1.121800000000000000e+04
1.122000000000000000e+04
1.122100000000000000e+04
1.122300000000000000e+04
1.122600000000000000e+04
1.123100000000000000e+04
1.127600000000000000e+04
1.132800000000000000e+04
1.133300000000000000e+04
1.133500000000000000e+04
1.134100000000000000e+04
1.134700000000000000e+04
1.134900000000000000e+04
